function ds = case69()
%% Objective function related data
ds.Ce = 0.05; % Costs of losses ($/kWh)
ds.Cp = 100; % Costs of power ($/kW)
ds.Cf = 0; % Fixed installation costs ($)
ds.pa = 0.1; % Fraction of the total investment paid in one year
ds.LDC = [ % hours load_levels (each columns represents one LDC type)
     8760 1.000 
    ];
ds.Uslack = [ % Slack bus voltage (pu) for each period of LDC
    1.0
    ];
%% Constraints data
ds.Qslack_min = 0; % Slack minimum reactive power (kvar)
ds.Umin = 0.90; % Minimum voltage (pu)
ds.Umax = 1.10; % Maximum voltage (pu)
%% Power injection data
ds.inj_size = 130;
%Injection Type: P-purely active; Q-purely reactive; S-mixed PQ;
ds.inj_type = 'S';
ds.fi_step = pi/36;
ds.fi_min = -pi/2;
ds.fi_max = pi/2;
%% Location data
ds.LOC_dg = 2; 
%Number of nodes for power injection placement
%% Network data
ds.Ubase = 12.66; % Base voltage, line-to-line (kV)
ds.Sbase = 10; % Base power (MVA)
ds.tol = 1e-4; % Tolerance and maximum number of iterations
ds.iter_max = 100; 
ds.branch = [
%    f    t   R(Ohms)   X(Ohms)  B(uS)   P(kW) Q(kvar) Qc(kvar)   LDC
     1    2   0.0005    0.0012       0    0.0      0.0        0   1
     2    3   0.0005    0.0012       0    0.0      0.0        0   1
     3    4   0.0015    0.0036       0    0.0      0.0        0   1
     4    5   0.0251    0.0294       0    0.0      0.0        0   1
     5    6   0.3660    0.1864       0    2.6      2.2        0   1
     6    7   0.3811    0.1941       0   40.4     30.0        0   1
     7    8   0.0922    0.0470       0   75.0     54.0        0   1
     8    9   0.0493    0.0251       0   30.0     22.0        0   1
     9   10   0.8190    0.2707       0   28.0     19.0        0   1
    10   11   0.1872    0.0619       0  145.0    104.0        0   1
    11   12   0.7114    0.2351       0  145.0    104.0        0   1
    12   13   1.0300    0.3400       0    8.0      5.5        0   1
    13   14   1.0440    0.3450       0    8.0      5.5        0   1
    14   15   1.0580    0.3496       0    0.0      0.0        0   1
    15   16   0.1966    0.0650       0   45.5     30.0        0   1
    16   17   0.3744    0.1238       0   60.0     35.0        0   1
    17   18   0.0047    0.0016       0   60.0     35.0        0   1
    18   19   0.3276    0.1083       0    0.0      0.0        0   1
    19   20   0.2106    0.0696       0    1.0      0.6        0   1
    20   21   0.3416    0.1129       0  114.0     81.0        0   1
    21   22   0.0140    0.0046       0    5.3      3.5        0   1
    22   23   0.1591    0.0526       0    0.0      0.0        0   1
    23   24   0.3463    0.1145       0   28.0     20.0        0   1
    24   25   0.7488    0.2475       0    0.0      0.0        0   1
    25   26   0.3089    0.1021       0   14.0     10.0        0   1
    26   27   0.1732    0.0572       0   14.0     10.0        0   1
     3   28   0.0044    0.0108       0   26.0     18.6        0   1
    28   29   0.0640    0.1565       0   26.0     18.6        0   1
    29   30   0.3978    0.1315       0    0.0      0.0        0   1
    30   31   0.0702    0.0232       0    0.0      0.0        0   1
    31   32   0.3510    0.1160       0    0.0      0.0        0   1
    32   33   0.8390    0.2816       0   14.0     10.0        0   1
    33   34   1.7080    0.5646       0   19.5     14.0        0   1
    34   35   1.4740    0.4873       0    6.0      4.0        0   1
     3   36   0.0044    0.0108       0   26.0    18.55        0   1
    36   37   0.0640    0.1565       0   26.0    18.55        0   1
    37   38   0.1053    0.1230       0    0.0      0.0        0   1
    38   39   0.0304    0.0355       0   24.0     17.0        0   1
    39   40   0.0018    0.0021       0   24.0     17.0        0   1
    40   41   0.7283    0.8509       0    1.2      1.0        0   1
    41   42   0.3100    0.3623       0    0.0      0.0        0   1
    42   43   0.0410    0.0478       0    6.0      4.3        0   1
    43   44   0.0092    0.0116       0    0.0      0.0        0   1
    44   45   0.1089    0.1373       0  39.22     26.3        0   1
    45   46   0.0009    0.0012       0  39.22     26.3        0   1
     4   47   0.0034    0.0084       0    0.0      0.0        0   1
    47   48   0.0851    0.2083       0   79.0     56.4        0   1
    48   49   0.2898    0.7091       0  384.7    274.5        0   1
    49   50   0.0822    0.2011       0  384.7    274.5        0   1
     8   51   0.0928    0.0473       0   40.5     28.3        0   1
    51   52   0.3319    0.1114       0    3.6      2.7        0   1
     9   53   0.1740    0.0886       0   4.35      3.5        0   1
    53   54   0.2030    0.1034       0   26.4     19.0        0   1
    54   55   0.2842    0.1447       0   24.0     17.2        0   1
    55   56   0.2813    0.1433       0    0.0      0.0        0   1
    56   57   1.5900    0.5337       0    0.0      0.0        0   1
    57   58   0.7837    0.2630       0    0.0      0.0        0   1
    58   59   0.3042    0.1006       0  100.0     72.0        0   1
    59   60   0.3861    0.1172       0    0.0      0.0        0   1
    60   61   0.5075    0.2585       0 1244.0    888.0        0   1
    61   62   0.0974    0.0496       0   32.0     23.0        0   1
    62   63   0.1450    0.0738       0    0.0      0.0        0   1
    63   64   0.7105    0.3619       0  227.0    162.0        0   1
    64   65   1.0410    0.5302       0   59.0     42.0        0   1
    11   66   0.2012    0.0611       0   18.0     13.0        0   1
    66   67   0.0047    0.0014       0   18.0     13.0        0   1
    12   68   0.7394    0.2444       0   28.0     20.0        0   1
    68   69   0.0047    0.0016       0   28.0     20.0        0   1
];