function ds = case119()
%% Objective function related data
ds.Ce = 0.05; % Costs of losses ($/kWh)
ds.Cp = 100; % Costs of power ($/kW)
ds.Cf = 0; % Fixed installation costs ($)
ds.pa = 0.1; % Fraction of the total investment paid in one year
ds.LDC = [ % hours load_levels (each columns represents one LDC type)
     8760 1.000 
    ];
ds.Uslack = [ % Slack bus voltage (pu) for each period of LDC
    1.0
    1.0
    1.0
    ];
%% Constraints data
ds.Qslack_min = 0; % Slack minimum reactive power (kvar)
ds.Umin = 0.90; % Minimum voltage (pu)
ds.Umax = 1.10; % Maximum voltage (pu)
%% Power injection data
ds.inj_size = 350;
%Injection Type: P-purely active; Q-purely reactive; S-mixed PQ;
ds.inj_type = 'S';
ds.fi_step = pi/9;
ds.fi_min = -pi/2;
ds.fi_max = pi/2;
%% Location data
ds.LOC_dg = 7; 
%Number of nodes for power injection placement
%% Network data
ds.Ubase = 11; % Base voltage, line-to-line (kV)
ds.Sbase = 10; % Base power (MVA)
ds.tol = 1e-4; % Tolerance and maximum number of iterations
ds.iter_max = 100; 
ds.branch = [
%    f    t   R(Ohms)   X(Ohms)  B(uS)   P(kW) Q(kvar) Qc(kvar)   LDC
1	2	0.036	0.01296	0	133.84	101.14	0	1
2	3	0.033	0.01188	0	16.214	11.292	0	1
2	4	0.045	0.0162	0	34.315	21.845	0	1
4	5	0.015	0.054	0	73.016	63.602	0	1
5	6	0.015	0.054	0	144.2	68.604	0	1
6	7	0.015	0.0125	0	104.47	61.725	0	1
7	8	0.018	0.014	0	28.547	11.503	0	1
8	9	0.021	0.063	0	87.56	51.073	0	1
2	10	0.166	0.1344	0	198.2	106.77	0	1
10	11	0.112	0.0789	0	146.8	75.995	0	1
11	12	0.187	0.313	0	26.04	18.687	0	1
12	13	0.142	0.1512	0	52.1	23.22	0	1
13	14	0.18	0.118	0	141.9	117.5	0	1
14	15	0.15	0.045	0	21.87	28.79	0	1
15	16	0.16	0.18	0	33.37	26.45	0	1
16	17	0.157	0.171	0	32.43	25.23	0	1
11	18	0.218	0.285	0	20.234	11.906	0	1
18	19	0.118	0.185	0	156.94	78.523	0	1
19	20	0.16	0.196	0	546.29	351.4	0	1
20	21	0.12	0.189	0	180.31	164.2	0	1
21	22	0.12	0.0789	0	93.167	54.594	0	1
22	23	1.41	0.723	0	85.18	39.65	0	1
23	24	0.293	0.1348	0	168.1	95.178	0	1
24	25	0.133	0.104	0	125.11	150.22	0	1
25	26	0.178	0.134	0	16.03	24.62	0	1
26	27	0.178	0.134	0	26.03	24.62	0	1
4	28	0.015	0.0296	0	594.56	522.62	0	1
28	29	0.012	0.0276	0	120.62	59.117	0	1
29	30	0.12	0.2766	0	102.38	99.554	0	1
30	31	0.21	0.243	0	513.4	318.5	0	1
31	32	0.12	0.054	0	475.25	456.14	0	1
32	33	0.178	0.234	0	151.43	136.79	0	1
33	34	0.178	0.234	0	205.38	83.302	0	1
34	35	0.154	0.162	0	131.6	93.082	0	1
30	36	0.187	0.261	0	448.4	369.79	0	1
36	37	0.133	0.099	0	440.52	321.64	0	1
29	38	0.33	0.194	0	112.54	55.134	0	1
38	39	0.31	0.194	0	53.963	38.998	0	1
39	40	0.13	0.194	0	393.05	342.6	0	1
40	41	0.28	0.15	0	326.74	278.56	0	1
41	42	1.18	0.85	0	536.26	240.24	0	1
42	43	0.42	0.2436	0	76.247	66.562	0	1
43	44	0.27	0.0972	0	53.52	39.76	0	1
44	45	0.339	0.1221	0	40.328	31.964	0	1
45	46	0.27	0.1779	0	39.653	20.758	0	1
35	47	0.21	0.1383	0	66.195	42.361	0	1
47	48	0.12	0.0789	0	73.904	51.653	0	1
48	49	0.15	0.0987	0	114.77	57.965	0	1
49	50	0.15	0.0987	0	918.37	1205.1	0	1
50	51	0.24	0.1581	0	210.3	146.66	0	1
51	52	0.12	0.0789	0	66.68	56.608	0	1
52	53	0.405	0.1458	0	42.207	40.184	0	1
52	54	0.405	0.1458	0	433.74	283.41	0	1
29	55	0.391	0.141	0	62.1	26.86	0	1
55	56	0.406	0.1461	0	92.46	88.38	0	1
56	57	0.406	0.1461	0	85.188	55.436	0	1
57	58	0.706	0.5461	0	345.3	332.4	0	1
58	59	0.338	0.1218	0	22.5	16.83	0	1
59	60	0.338	0.1218	0	80.551	49.156	0	1
60	61	0.207	0.0747	0	95.86	90.758	0	1
61	62	0.247	0.8922	0	62.92	47.7	0	1
1	63	0.028	0.0418	0	478.8	463.74	0	1
63	64	0.117	0.2016	0	120.94	52.006	0	1
64	65	0.255	0.0918	0	139.11	100.34	0	1
65	66	0.21	0.0759	0	391.78	193.5	0	1
66	67	0.383	0.138	0	27.741	26.713	0	1
67	68	0.504	0.3303	0	52.814	25.257	0	1
68	69	0.406	0.1461	0	66.89	38.713	0	1
69	70	0.962	0.761	0	467.5	395.14	0	1
70	71	0.165	0.06	0	594.85	239.74	0	1
71	72	0.303	0.1092	0	132.5	84.363	0	1
72	73	0.303	0.1092	0	52.699	22.482	0	1
73	74	0.206	0.144	0	869.79	614.775	0	1
74	75	0.233	0.084	0	31.349	29.817	0	1
75	76	0.591	0.1773	0	192.39	122.43	0	1
76	77	0.126	0.0453	0	65.75	45.37	0	1
64	78	0.559	0.3687	0	238.15	223.22	0	1
78	79	0.186	0.1227	0	294.55	162.47	0	1
79	80	0.186	0.1227	0	485.57	437.92	0	1
80	81	0.26	0.139	0	243.53	183.03	0	1
81	82	0.154	0.148	0	243.53	183.03	0	1
82	83	0.23	0.128	0	134.25	119.29	0	1
83	84	0.251	0.106	0	22.71	27.96	0	1
84	85	0.18	0.148	0	49.513	26.515	0	1
79	86	0.16	0.182	0	383.78	257.16	0	1
86	87	0.2     0.23	0	49.64	20.6	0	1
87	88	0.16	0.393	0	22.473	11.806	0	1
65	89	0.669	0.2412	0	62.93	42.96	0	1
89	90	0.266	0.1227	0	30.67	34.93	0	1
90	91	0.266	0.1227	0	62.33	66.79	0	1
91	92	0.266	0.1227	0	114.57	81.748	0	1
92	93	0.266	0.1777	0	81.292	66.326	0	1
93	94	0.233	0.115	0	31.733	15.96	0	1
94	95	0.004	0.138	0	33.32	60.48	0	1
91	96	0.001	0.18	0	531.28	224.85	0	1
96	97	0.001	0.18	0	507.03	367.42	0	1
97	98	0.1866	0.122	0	26.39	11.7	0	1
98	99	0.0746	0.318	0	45.99	30.392	0	1
1	100	0.0625	0.0265	0	100.66	47.372	0	1
100	101	0.1501	0.234	0	456.48	350.3	0	1
101	102	0.1347	0.0888	0	522.56	449.29	0	1
102	103	0.2307	0.1203	0	408.43	168.46	0	1
103	104	0.447	0.1608	0	141.48	134.25	0	1
104	105	0.1632	0.0588	0	104.43	66.024	0	1
105	106	0.33	0.099	0	96.793	83.647	0	1
106	107	0.156	0.0561	0	493.92	419.34	0	1
107	108	0.3819	0.1374	0	225.38	135.88	0	1
108	109	0.1626	0.0585	0	509.21	387.21	0	1
109	110	0.3819	0.1374	0	188.5	173.46	0	1
110	111	0.2445	0.0879	0	918.03	898.55	0	1
110	112	0.2088	0.0753	0	305.08	215.37	0	1
112	113	0.2301	0.0828	0	54.38	40.97	0	1
100	114	0.6102	0.2196	0	211.14	192.9	0	1
114	115	0.1866	0.127	0	67.009	53.336	0	1
115	116	0.3732	0.246	0	162.07	90.321	0	1
116	117	0.405	0.367	0	48.785	29.156	0	1
117	118	0.489	0.438	0	33.9	18.98	0	1
];